(kicad_pcb (version 20171130) (host pcbnew 5.1.5)

  (general
    (thickness 1.6)
    (drawings 10)
    (tracks 65)
    (zones 0)
    (modules 14)
    (nets 16)
  )

  (page A4)
  (layers
    (0 F.Cu signal)
    (31 B.Cu signal hide)
    (32 B.Adhes user)
    (33 F.Adhes user)
    (34 B.Paste user)
    (35 F.Paste user)
    (36 B.SilkS user)
    (37 F.SilkS user)
    (38 B.Mask user)
    (39 F.Mask user)
    (40 Dwgs.User user)
    (41 Cmts.User user)
    (42 Eco1.User user)
    (43 Eco2.User user)
    (44 Edge.Cuts user)
    (45 Margin user)
    (46 B.CrtYd user)
    (47 F.CrtYd user)
    (48 B.Fab user hide)
    (49 F.Fab user hide)
  )

  (setup
    (last_trace_width 0.5)
    (user_trace_width 0.5)
    (trace_clearance 0.2)
    (zone_clearance 0.508)
    (zone_45_only no)
    (trace_min 0.2)
    (via_size 0.8)
    (via_drill 0.4)
    (via_min_size 0.4)
    (via_min_drill 0.3)
    (uvia_size 0.3)
    (uvia_drill 0.1)
    (uvias_allowed no)
    (uvia_min_size 0.2)
    (uvia_min_drill 0.1)
    (edge_width 0.05)
    (segment_width 0.2)
    (pcb_text_width 0.3)
    (pcb_text_size 1.5 1.5)
    (mod_edge_width 0.12)
    (mod_text_size 1 1)
    (mod_text_width 0.15)
    (pad_size 1.524 1.524)
    (pad_drill 0.762)
    (pad_to_mask_clearance 0.051)
    (solder_mask_min_width 0.25)
    (aux_axis_origin 0 0)
    (visible_elements FFFFFF7F)
    (pcbplotparams
      (layerselection 0x010fc_ffffffff)
      (usegerberextensions false)
      (usegerberattributes false)
      (usegerberadvancedattributes false)
      (creategerberjobfile false)
      (excludeedgelayer true)
      (linewidth 0.100000)
      (plotframeref false)
      (viasonmask false)
      (mode 1)
      (useauxorigin false)
      (hpglpennumber 1)
      (hpglpenspeed 20)
      (hpglpendiameter 15.000000)
      (psnegative false)
      (psa4output false)
      (plotreference true)
      (plotvalue true)
      (plotinvisibletext false)
      (padsonsilk false)
      (subtractmaskfromsilk false)
      (outputformat 1)
      (mirror false)
      (drillshape 0)
      (scaleselection 1)
      (outputdirectory "plot"))
  )

  (net 0 "")
  (net 1 "Net-(D1-Pad2)")
  (net 2 "Net-(D1-Pad1)")
  (net 3 +5V)
  (net 4 "Net-(J2-Pad2)")
  (net 5 GND)
  (net 6 "Net-(J1-PadT)")
  (net 7 "Net-(D2-Pad2)")
  (net 8 "Net-(D3-Pad2)")
  (net 9 "Net-(J2-Pad3)")
  (net 10 "Net-(J3-PadT)")
  (net 11 "Net-(R3-Pad2)")
  (net 12 "Net-(R4-Pad2)")
  (net 13 "Net-(R5-Pad2)")
  (net 14 "Net-(J3-PadR)")
  (net 15 "Net-(U1-Pad4)")

  (net_class Default "This is the default net class."
    (clearance 0.2)
    (trace_width 0.25)
    (via_dia 0.8)
    (via_drill 0.4)
    (uvia_dia 0.3)
    (uvia_drill 0.1)
    (add_net +5V)
    (add_net GND)
    (add_net "Net-(D1-Pad1)")
    (add_net "Net-(D1-Pad2)")
    (add_net "Net-(D2-Pad2)")
    (add_net "Net-(D3-Pad2)")
    (add_net "Net-(J1-PadT)")
    (add_net "Net-(J2-Pad2)")
    (add_net "Net-(J2-Pad3)")
    (add_net "Net-(J3-PadR)")
    (add_net "Net-(J3-PadT)")
    (add_net "Net-(R3-Pad2)")
    (add_net "Net-(R4-Pad2)")
    (add_net "Net-(R5-Pad2)")
    (add_net "Net-(U1-Pad4)")
  )

  (module Connector_Audio:Jack_3.5mm_QingPu_WQP-PJ398SM_Vertical_CircularHoles (layer F.Cu) (tedit 5EA9E514) (tstamp 5EA8B646)
    (at 72.25 59 90)
    (descr "TRS 3.5mm, vertical, Thonkiconn, PCB mount, (http://www.qingpu-electronics.com/en/products/WQP-PJ398SM-362.html)")
    (tags "WQP-PJ398SM WQP-PJ301M-12 TRS 3.5mm mono vertical jack thonkiconn qingpu")
    (path /5E8296E3)
    (fp_text reference J3 (at -4.03 1.08 270) (layer F.SilkS)
      (effects (font (size 1 1) (thickness 0.15)))
    )
    (fp_text value AudioJack3 (at 0 5 270) (layer F.Fab)
      (effects (font (size 1 1) (thickness 0.15)))
    )
    (fp_text user KEEPOUT (at 0 6.48 90) (layer Cmts.User)
      (effects (font (size 0.4 0.4) (thickness 0.051)))
    )
    (fp_line (start -5 12.98) (end -5 -1.42) (layer F.CrtYd) (width 0.05))
    (fp_line (start -4.5 12.48) (end -4.5 2.08) (layer F.Fab) (width 0.1))
    (fp_text user %R (at 0 8 270) (layer F.Fab)
      (effects (font (size 1 1) (thickness 0.15)))
    )
    (fp_line (start -4.5 1.98) (end -4.5 12.48) (layer F.SilkS) (width 0.12))
    (fp_line (start 4.5 1.98) (end 4.5 12.48) (layer F.SilkS) (width 0.12))
    (fp_circle (center 0 6.48) (end 1.5 6.48) (layer Dwgs.User) (width 0.12))
    (fp_line (start 0.09 7.96) (end 1.48 6.57) (layer Dwgs.User) (width 0.12))
    (fp_line (start -0.58 7.83) (end 1.36 5.89) (layer Dwgs.User) (width 0.12))
    (fp_line (start -1.07 7.49) (end 1.01 5.41) (layer Dwgs.User) (width 0.12))
    (fp_line (start -1.42 6.875) (end 0.4 5.06) (layer Dwgs.User) (width 0.12))
    (fp_line (start -1.41 6.02) (end -0.46 5.07) (layer Dwgs.User) (width 0.12))
    (fp_line (start 4.5 12.48) (end 0.5 12.48) (layer F.SilkS) (width 0.12))
    (fp_line (start -0.5 12.48) (end -4.5 12.48) (layer F.SilkS) (width 0.12))
    (fp_line (start 4.5 1.98) (end 0.35 1.98) (layer F.SilkS) (width 0.12))
    (fp_line (start -0.35 1.98) (end -4.5 1.98) (layer F.SilkS) (width 0.12))
    (fp_circle (center 0 6.48) (end 1.8 6.48) (layer F.SilkS) (width 0.12))
    (fp_line (start -1.06 -1) (end -1.06 -0.2) (layer F.SilkS) (width 0.12))
    (fp_line (start -1.06 -1) (end -0.2 -1) (layer F.SilkS) (width 0.12))
    (fp_line (start 4.5 12.48) (end 4.5 2.08) (layer F.Fab) (width 0.1))
    (fp_line (start 4.5 12.48) (end -4.5 12.48) (layer F.Fab) (width 0.1))
    (fp_line (start 5 12.98) (end 5 -1.42) (layer F.CrtYd) (width 0.05))
    (fp_line (start 5 12.98) (end -5 12.98) (layer F.CrtYd) (width 0.05))
    (fp_line (start 5 -1.42) (end -5 -1.42) (layer F.CrtYd) (width 0.05))
    (fp_line (start 4.5 2.03) (end -4.5 2.03) (layer F.Fab) (width 0.1))
    (fp_circle (center 0 6.48) (end 1.8 6.48) (layer F.Fab) (width 0.1))
    (fp_line (start 0 0) (end 0 2.03) (layer F.Fab) (width 0.1))
    (pad R thru_hole circle (at 0 3.1 270) (size 2.13 2.13) (drill 1.42) (layers *.Cu *.Mask)
      (net 14 "Net-(J3-PadR)"))
    (pad S thru_hole rect (at 0 0 270) (size 1.93 1.83) (drill 1.22) (layers *.Cu *.Mask)
      (net 5 GND))
    (pad T thru_hole circle (at 0 11.4 270) (size 2.13 2.13) (drill 1.43) (layers *.Cu *.Mask)
      (net 10 "Net-(J3-PadT)"))
    (model ${KISYS3DMOD}/Connector_Audio.3dshapes/Jack_3.5mm_QingPu_WQP-PJ398SM_Vertical.wrl
      (at (xyz 0 0 0))
      (scale (xyz 1 1 1))
      (rotate (xyz 0 0 0))
    )
  )

  (module Connector_Audio:Jack_3.5mm_QingPu_WQP-PJ398SM_Vertical_CircularHoles (layer F.Cu) (tedit 5EA9E4EC) (tstamp 5E7EE7CB)
    (at 72.25 48.25 90)
    (descr "TRS 3.5mm, vertical, Thonkiconn, PCB mount, (http://www.qingpu-electronics.com/en/products/WQP-PJ398SM-362.html)")
    (tags "WQP-PJ398SM WQP-PJ301M-12 TRS 3.5mm mono vertical jack thonkiconn qingpu")
    (path /5E7D1AF1)
    (fp_text reference J1 (at -4.03 1.08 270) (layer F.SilkS)
      (effects (font (size 1 1) (thickness 0.15)))
    )
    (fp_text value AudioJack3 (at 0 5 270) (layer F.Fab)
      (effects (font (size 1 1) (thickness 0.15)))
    )
    (fp_line (start 0 0) (end 0 2.03) (layer F.Fab) (width 0.1))
    (fp_circle (center 0 6.48) (end 1.8 6.48) (layer F.Fab) (width 0.1))
    (fp_line (start 4.5 2.03) (end -4.5 2.03) (layer F.Fab) (width 0.1))
    (fp_line (start 5 -1.42) (end -5 -1.42) (layer F.CrtYd) (width 0.05))
    (fp_line (start 5 12.98) (end -5 12.98) (layer F.CrtYd) (width 0.05))
    (fp_line (start 5 12.98) (end 5 -1.42) (layer F.CrtYd) (width 0.05))
    (fp_line (start 4.5 12.48) (end -4.5 12.48) (layer F.Fab) (width 0.1))
    (fp_line (start 4.5 12.48) (end 4.5 2.08) (layer F.Fab) (width 0.1))
    (fp_line (start -1.06 -1) (end -0.2 -1) (layer F.SilkS) (width 0.12))
    (fp_line (start -1.06 -1) (end -1.06 -0.2) (layer F.SilkS) (width 0.12))
    (fp_circle (center 0 6.48) (end 1.8 6.48) (layer F.SilkS) (width 0.12))
    (fp_line (start -0.35 1.98) (end -4.5 1.98) (layer F.SilkS) (width 0.12))
    (fp_line (start 4.5 1.98) (end 0.35 1.98) (layer F.SilkS) (width 0.12))
    (fp_line (start -0.5 12.48) (end -4.5 12.48) (layer F.SilkS) (width 0.12))
    (fp_line (start 4.5 12.48) (end 0.5 12.48) (layer F.SilkS) (width 0.12))
    (fp_line (start -1.41 6.02) (end -0.46 5.07) (layer Dwgs.User) (width 0.12))
    (fp_line (start -1.42 6.875) (end 0.4 5.06) (layer Dwgs.User) (width 0.12))
    (fp_line (start -1.07 7.49) (end 1.01 5.41) (layer Dwgs.User) (width 0.12))
    (fp_line (start -0.58 7.83) (end 1.36 5.89) (layer Dwgs.User) (width 0.12))
    (fp_line (start 0.09 7.96) (end 1.48 6.57) (layer Dwgs.User) (width 0.12))
    (fp_circle (center 0 6.48) (end 1.5 6.48) (layer Dwgs.User) (width 0.12))
    (fp_line (start 4.5 1.98) (end 4.5 12.48) (layer F.SilkS) (width 0.12))
    (fp_line (start -4.5 1.98) (end -4.5 12.48) (layer F.SilkS) (width 0.12))
    (fp_text user %R (at 0 8 270) (layer F.Fab)
      (effects (font (size 1 1) (thickness 0.15)))
    )
    (fp_line (start -4.5 12.48) (end -4.5 2.08) (layer F.Fab) (width 0.1))
    (fp_line (start -5 12.98) (end -5 -1.42) (layer F.CrtYd) (width 0.05))
    (fp_text user KEEPOUT (at 0 6.48 90) (layer Cmts.User)
      (effects (font (size 0.4 0.4) (thickness 0.051)))
    )
    (pad T thru_hole circle (at 0 11.4 270) (size 2.13 2.13) (drill 1.43) (layers *.Cu *.Mask)
      (net 6 "Net-(J1-PadT)"))
    (pad S thru_hole rect (at 0 0 270) (size 1.93 1.83) (drill 1.22) (layers *.Cu *.Mask))
    (pad R thru_hole circle (at 0 3.1 270) (size 2.13 2.13) (drill 1.42) (layers *.Cu *.Mask)
      (net 1 "Net-(D1-Pad2)"))
    (model ${KISYS3DMOD}/Connector_Audio.3dshapes/Jack_3.5mm_QingPu_WQP-PJ398SM_Vertical.wrl
      (at (xyz 0 0 0))
      (scale (xyz 1 1 1))
      (rotate (xyz 0 0 0))
    )
  )

  (module Diode_SMD:D_0805_2012Metric_Pad1.15x1.40mm_HandSolder (layer F.Cu) (tedit 5B4B45C8) (tstamp 5EADD7B8)
    (at 87.775 44.5 180)
    (descr "Diode SMD 0805 (2012 Metric), square (rectangular) end terminal, IPC_7351 nominal, (Body size source: https://docs.google.com/spreadsheets/d/1BsfQQcO9C6DZCsRaXUlFlo91Tg2WpOkGARC1WS5S8t0/edit?usp=sharing), generated with kicad-footprint-generator")
    (tags "diode handsolder")
    (path /5E7E1942)
    (attr smd)
    (fp_text reference D1 (at -1.975 0) (layer F.SilkS)
      (effects (font (size 1 1) (thickness 0.15)) (justify left))
    )
    (fp_text value 1N4148 (at 0 1.65) (layer F.Fab)
      (effects (font (size 1 1) (thickness 0.15)))
    )
    (fp_line (start 1 -0.6) (end -0.7 -0.6) (layer F.Fab) (width 0.1))
    (fp_line (start -0.7 -0.6) (end -1 -0.3) (layer F.Fab) (width 0.1))
    (fp_line (start -1 -0.3) (end -1 0.6) (layer F.Fab) (width 0.1))
    (fp_line (start -1 0.6) (end 1 0.6) (layer F.Fab) (width 0.1))
    (fp_line (start 1 0.6) (end 1 -0.6) (layer F.Fab) (width 0.1))
    (fp_line (start 1 -0.96) (end -1.86 -0.96) (layer F.SilkS) (width 0.12))
    (fp_line (start -1.86 -0.96) (end -1.86 0.96) (layer F.SilkS) (width 0.12))
    (fp_line (start -1.86 0.96) (end 1 0.96) (layer F.SilkS) (width 0.12))
    (fp_line (start -1.85 0.95) (end -1.85 -0.95) (layer F.CrtYd) (width 0.05))
    (fp_line (start -1.85 -0.95) (end 1.85 -0.95) (layer F.CrtYd) (width 0.05))
    (fp_line (start 1.85 -0.95) (end 1.85 0.95) (layer F.CrtYd) (width 0.05))
    (fp_line (start 1.85 0.95) (end -1.85 0.95) (layer F.CrtYd) (width 0.05))
    (fp_text user %R (at 0 0) (layer F.Fab)
      (effects (font (size 0.5 0.5) (thickness 0.08)))
    )
    (pad 1 smd roundrect (at -1.025 0 180) (size 1.15 1.4) (layers F.Cu F.Paste F.Mask) (roundrect_rratio 0.217391)
      (net 2 "Net-(D1-Pad1)"))
    (pad 2 smd roundrect (at 1.025 0 180) (size 1.15 1.4) (layers F.Cu F.Paste F.Mask) (roundrect_rratio 0.217391)
      (net 1 "Net-(D1-Pad2)"))
    (model ${KISYS3DMOD}/Diode_SMD.3dshapes/D_0805_2012Metric.wrl
      (at (xyz 0 0 0))
      (scale (xyz 1 1 1))
      (rotate (xyz 0 0 0))
    )
  )

  (module LED_SMD:LED_0805_2012Metric_Pad1.15x1.40mm_HandSolder (layer F.Cu) (tedit 5B4B45C9) (tstamp 5EC992EA)
    (at 87.775 55.25 180)
    (descr "LED SMD 0805 (2012 Metric), square (rectangular) end terminal, IPC_7351 nominal, (Body size source: https://docs.google.com/spreadsheets/d/1BsfQQcO9C6DZCsRaXUlFlo91Tg2WpOkGARC1WS5S8t0/edit?usp=sharing), generated with kicad-footprint-generator")
    (tags "LED handsolder")
    (path /5E84DCF4)
    (attr smd)
    (fp_text reference D2 (at -1.975 0) (layer F.SilkS)
      (effects (font (size 1 1) (thickness 0.15)) (justify left))
    )
    (fp_text value LED (at 0 1.65) (layer F.Fab)
      (effects (font (size 1 1) (thickness 0.15)))
    )
    (fp_line (start 1 -0.6) (end -0.7 -0.6) (layer F.Fab) (width 0.1))
    (fp_line (start -0.7 -0.6) (end -1 -0.3) (layer F.Fab) (width 0.1))
    (fp_line (start -1 -0.3) (end -1 0.6) (layer F.Fab) (width 0.1))
    (fp_line (start -1 0.6) (end 1 0.6) (layer F.Fab) (width 0.1))
    (fp_line (start 1 0.6) (end 1 -0.6) (layer F.Fab) (width 0.1))
    (fp_line (start 1 -0.96) (end -1.86 -0.96) (layer F.SilkS) (width 0.12))
    (fp_line (start -1.86 -0.96) (end -1.86 0.96) (layer F.SilkS) (width 0.12))
    (fp_line (start -1.86 0.96) (end 1 0.96) (layer F.SilkS) (width 0.12))
    (fp_line (start -1.85 0.95) (end -1.85 -0.95) (layer F.CrtYd) (width 0.05))
    (fp_line (start -1.85 -0.95) (end 1.85 -0.95) (layer F.CrtYd) (width 0.05))
    (fp_line (start 1.85 -0.95) (end 1.85 0.95) (layer F.CrtYd) (width 0.05))
    (fp_line (start 1.85 0.95) (end -1.85 0.95) (layer F.CrtYd) (width 0.05))
    (fp_text user %R (at 0 0) (layer F.Fab)
      (effects (font (size 0.5 0.5) (thickness 0.08)))
    )
    (pad 1 smd roundrect (at -1.025 0 180) (size 1.15 1.4) (layers F.Cu F.Paste F.Mask) (roundrect_rratio 0.217391)
      (net 5 GND))
    (pad 2 smd roundrect (at 1.025 0 180) (size 1.15 1.4) (layers F.Cu F.Paste F.Mask) (roundrect_rratio 0.217391)
      (net 7 "Net-(D2-Pad2)"))
    (model ${KISYS3DMOD}/LED_SMD.3dshapes/LED_0805_2012Metric.wrl
      (at (xyz 0 0 0))
      (scale (xyz 1 1 1))
      (rotate (xyz 0 0 0))
    )
  )

  (module LED_SMD:LED_0805_2012Metric_Pad1.15x1.40mm_HandSolder (layer F.Cu) (tedit 5B4B45C9) (tstamp 5EADD82D)
    (at 87.775 52 180)
    (descr "LED SMD 0805 (2012 Metric), square (rectangular) end terminal, IPC_7351 nominal, (Body size source: https://docs.google.com/spreadsheets/d/1BsfQQcO9C6DZCsRaXUlFlo91Tg2WpOkGARC1WS5S8t0/edit?usp=sharing), generated with kicad-footprint-generator")
    (tags "LED handsolder")
    (path /5E84F28E)
    (attr smd)
    (fp_text reference D3 (at -1.975 0) (layer F.SilkS)
      (effects (font (size 1 1) (thickness 0.15)) (justify left))
    )
    (fp_text value LED (at 0 1.65) (layer F.Fab)
      (effects (font (size 1 1) (thickness 0.15)))
    )
    (fp_text user %R (at 0 0) (layer F.Fab)
      (effects (font (size 0.5 0.5) (thickness 0.08)))
    )
    (fp_line (start 1.85 0.95) (end -1.85 0.95) (layer F.CrtYd) (width 0.05))
    (fp_line (start 1.85 -0.95) (end 1.85 0.95) (layer F.CrtYd) (width 0.05))
    (fp_line (start -1.85 -0.95) (end 1.85 -0.95) (layer F.CrtYd) (width 0.05))
    (fp_line (start -1.85 0.95) (end -1.85 -0.95) (layer F.CrtYd) (width 0.05))
    (fp_line (start -1.86 0.96) (end 1 0.96) (layer F.SilkS) (width 0.12))
    (fp_line (start -1.86 -0.96) (end -1.86 0.96) (layer F.SilkS) (width 0.12))
    (fp_line (start 1 -0.96) (end -1.86 -0.96) (layer F.SilkS) (width 0.12))
    (fp_line (start 1 0.6) (end 1 -0.6) (layer F.Fab) (width 0.1))
    (fp_line (start -1 0.6) (end 1 0.6) (layer F.Fab) (width 0.1))
    (fp_line (start -1 -0.3) (end -1 0.6) (layer F.Fab) (width 0.1))
    (fp_line (start -0.7 -0.6) (end -1 -0.3) (layer F.Fab) (width 0.1))
    (fp_line (start 1 -0.6) (end -0.7 -0.6) (layer F.Fab) (width 0.1))
    (pad 2 smd roundrect (at 1.025 0 180) (size 1.15 1.4) (layers F.Cu F.Paste F.Mask) (roundrect_rratio 0.217391)
      (net 8 "Net-(D3-Pad2)"))
    (pad 1 smd roundrect (at -1.025 0 180) (size 1.15 1.4) (layers F.Cu F.Paste F.Mask) (roundrect_rratio 0.217391)
      (net 5 GND))
    (model ${KISYS3DMOD}/LED_SMD.3dshapes/LED_0805_2012Metric.wrl
      (at (xyz 0 0 0))
      (scale (xyz 1 1 1))
      (rotate (xyz 0 0 0))
    )
  )

  (module Connector_PinHeader_2.54mm:PinHeader_1x04_P2.54mm_Vertical (layer B.Cu) (tedit 59FED5CC) (tstamp 5EA8B367)
    (at 106 57.46 180)
    (descr "Through hole straight pin header, 1x04, 2.54mm pitch, single row")
    (tags "Through hole pin header THT 1x04 2.54mm single row")
    (path /5E8191AB)
    (fp_text reference J2 (at 0 2.33) (layer B.SilkS)
      (effects (font (size 1 1) (thickness 0.15)) (justify mirror))
    )
    (fp_text value Conn_01x04_Male (at 0 -9.95) (layer B.Fab)
      (effects (font (size 1 1) (thickness 0.15)) (justify mirror))
    )
    (fp_line (start -0.635 1.27) (end 1.27 1.27) (layer B.Fab) (width 0.1))
    (fp_line (start 1.27 1.27) (end 1.27 -8.89) (layer B.Fab) (width 0.1))
    (fp_line (start 1.27 -8.89) (end -1.27 -8.89) (layer B.Fab) (width 0.1))
    (fp_line (start -1.27 -8.89) (end -1.27 0.635) (layer B.Fab) (width 0.1))
    (fp_line (start -1.27 0.635) (end -0.635 1.27) (layer B.Fab) (width 0.1))
    (fp_line (start -1.33 -8.95) (end 1.33 -8.95) (layer B.SilkS) (width 0.12))
    (fp_line (start -1.33 -1.27) (end -1.33 -8.95) (layer B.SilkS) (width 0.12))
    (fp_line (start 1.33 -1.27) (end 1.33 -8.95) (layer B.SilkS) (width 0.12))
    (fp_line (start -1.33 -1.27) (end 1.33 -1.27) (layer B.SilkS) (width 0.12))
    (fp_line (start -1.33 0) (end -1.33 1.33) (layer B.SilkS) (width 0.12))
    (fp_line (start -1.33 1.33) (end 0 1.33) (layer B.SilkS) (width 0.12))
    (fp_line (start -1.8 1.8) (end -1.8 -9.4) (layer B.CrtYd) (width 0.05))
    (fp_line (start -1.8 -9.4) (end 1.8 -9.4) (layer B.CrtYd) (width 0.05))
    (fp_line (start 1.8 -9.4) (end 1.8 1.8) (layer B.CrtYd) (width 0.05))
    (fp_line (start 1.8 1.8) (end -1.8 1.8) (layer B.CrtYd) (width 0.05))
    (fp_text user %R (at 0 -3.81 270) (layer B.Fab)
      (effects (font (size 1 1) (thickness 0.15)) (justify mirror))
    )
    (pad 1 thru_hole rect (at 0 0 180) (size 1.7 1.7) (drill 1) (layers *.Cu *.Mask)
      (net 3 +5V))
    (pad 2 thru_hole oval (at 0 -2.54 180) (size 1.7 1.7) (drill 1) (layers *.Cu *.Mask)
      (net 4 "Net-(J2-Pad2)"))
    (pad 3 thru_hole oval (at 0 -5.08 180) (size 1.7 1.7) (drill 1) (layers *.Cu *.Mask)
      (net 9 "Net-(J2-Pad3)"))
    (pad 4 thru_hole oval (at 0 -7.62 180) (size 1.7 1.7) (drill 1) (layers *.Cu *.Mask)
      (net 5 GND))
    (model ${KISYS3DMOD}/Connector_PinHeader_2.54mm.3dshapes/PinHeader_1x04_P2.54mm_Vertical.wrl
      (at (xyz 0 0 0))
      (scale (xyz 1 1 1))
      (rotate (xyz 0 0 0))
    )
  )

  (module Resistor_SMD:R_0805_2012Metric_Pad1.15x1.40mm_HandSolder (layer F.Cu) (tedit 5B36C52B) (tstamp 5EADD861)
    (at 87.775 47 180)
    (descr "Resistor SMD 0805 (2012 Metric), square (rectangular) end terminal, IPC_7351 nominal with elongated pad for handsoldering. (Body size source: https://docs.google.com/spreadsheets/d/1BsfQQcO9C6DZCsRaXUlFlo91Tg2WpOkGARC1WS5S8t0/edit?usp=sharing), generated with kicad-footprint-generator")
    (tags "resistor handsolder")
    (path /5E7D6E0A)
    (attr smd)
    (fp_text reference R1 (at -1.975 0) (layer F.SilkS)
      (effects (font (size 1 1) (thickness 0.15)) (justify left))
    )
    (fp_text value 220R (at 0 1.65) (layer F.Fab)
      (effects (font (size 1 1) (thickness 0.15)))
    )
    (fp_text user %R (at 0 0) (layer F.Fab)
      (effects (font (size 0.5 0.5) (thickness 0.08)))
    )
    (fp_line (start 1.85 0.95) (end -1.85 0.95) (layer F.CrtYd) (width 0.05))
    (fp_line (start 1.85 -0.95) (end 1.85 0.95) (layer F.CrtYd) (width 0.05))
    (fp_line (start -1.85 -0.95) (end 1.85 -0.95) (layer F.CrtYd) (width 0.05))
    (fp_line (start -1.85 0.95) (end -1.85 -0.95) (layer F.CrtYd) (width 0.05))
    (fp_line (start -0.261252 0.71) (end 0.261252 0.71) (layer F.SilkS) (width 0.12))
    (fp_line (start -0.261252 -0.71) (end 0.261252 -0.71) (layer F.SilkS) (width 0.12))
    (fp_line (start 1 0.6) (end -1 0.6) (layer F.Fab) (width 0.1))
    (fp_line (start 1 -0.6) (end 1 0.6) (layer F.Fab) (width 0.1))
    (fp_line (start -1 -0.6) (end 1 -0.6) (layer F.Fab) (width 0.1))
    (fp_line (start -1 0.6) (end -1 -0.6) (layer F.Fab) (width 0.1))
    (pad 2 smd roundrect (at 1.025 0 180) (size 1.15 1.4) (layers F.Cu F.Paste F.Mask) (roundrect_rratio 0.217391)
      (net 6 "Net-(J1-PadT)"))
    (pad 1 smd roundrect (at -1.025 0 180) (size 1.15 1.4) (layers F.Cu F.Paste F.Mask) (roundrect_rratio 0.217391)
      (net 2 "Net-(D1-Pad1)"))
    (model ${KISYS3DMOD}/Resistor_SMD.3dshapes/R_0805_2012Metric.wrl
      (at (xyz 0 0 0))
      (scale (xyz 1 1 1))
      (rotate (xyz 0 0 0))
    )
  )

  (module Resistor_SMD:R_0805_2012Metric_Pad1.15x1.40mm_HandSolder (layer F.Cu) (tedit 5B36C52B) (tstamp 5EA8B3B0)
    (at 102 56.975 90)
    (descr "Resistor SMD 0805 (2012 Metric), square (rectangular) end terminal, IPC_7351 nominal with elongated pad for handsoldering. (Body size source: https://docs.google.com/spreadsheets/d/1BsfQQcO9C6DZCsRaXUlFlo91Tg2WpOkGARC1WS5S8t0/edit?usp=sharing), generated with kicad-footprint-generator")
    (tags "resistor handsolder")
    (path /5E7D2F1C)
    (attr smd)
    (fp_text reference R2 (at -3.048 -0.009 180) (layer F.SilkS)
      (effects (font (size 1 1) (thickness 0.15)))
    )
    (fp_text value 10K (at 0 1.65 90) (layer F.Fab)
      (effects (font (size 1 1) (thickness 0.15)))
    )
    (fp_line (start -1 0.6) (end -1 -0.6) (layer F.Fab) (width 0.1))
    (fp_line (start -1 -0.6) (end 1 -0.6) (layer F.Fab) (width 0.1))
    (fp_line (start 1 -0.6) (end 1 0.6) (layer F.Fab) (width 0.1))
    (fp_line (start 1 0.6) (end -1 0.6) (layer F.Fab) (width 0.1))
    (fp_line (start -0.261252 -0.71) (end 0.261252 -0.71) (layer F.SilkS) (width 0.12))
    (fp_line (start -0.261252 0.71) (end 0.261252 0.71) (layer F.SilkS) (width 0.12))
    (fp_line (start -1.85 0.95) (end -1.85 -0.95) (layer F.CrtYd) (width 0.05))
    (fp_line (start -1.85 -0.95) (end 1.85 -0.95) (layer F.CrtYd) (width 0.05))
    (fp_line (start 1.85 -0.95) (end 1.85 0.95) (layer F.CrtYd) (width 0.05))
    (fp_line (start 1.85 0.95) (end -1.85 0.95) (layer F.CrtYd) (width 0.05))
    (fp_text user %R (at 0 0 90) (layer F.Fab)
      (effects (font (size 0.5 0.5) (thickness 0.08)))
    )
    (pad 1 smd roundrect (at -1.025 0 90) (size 1.15 1.4) (layers F.Cu F.Paste F.Mask) (roundrect_rratio 0.217391)
      (net 4 "Net-(J2-Pad2)"))
    (pad 2 smd roundrect (at 1.025 0 90) (size 1.15 1.4) (layers F.Cu F.Paste F.Mask) (roundrect_rratio 0.217391)
      (net 3 +5V))
    (model ${KISYS3DMOD}/Resistor_SMD.3dshapes/R_0805_2012Metric.wrl
      (at (xyz 0 0 0))
      (scale (xyz 1 1 1))
      (rotate (xyz 0 0 0))
    )
  )

  (module Resistor_SMD:R_0805_2012Metric_Pad1.15x1.40mm_HandSolder (layer F.Cu) (tedit 5B36C52B) (tstamp 5EC9937E)
    (at 87.775 57.75)
    (descr "Resistor SMD 0805 (2012 Metric), square (rectangular) end terminal, IPC_7351 nominal with elongated pad for handsoldering. (Body size source: https://docs.google.com/spreadsheets/d/1BsfQQcO9C6DZCsRaXUlFlo91Tg2WpOkGARC1WS5S8t0/edit?usp=sharing), generated with kicad-footprint-generator")
    (tags "resistor handsolder")
    (path /5E84BB38)
    (attr smd)
    (fp_text reference R3 (at 1.975 0) (layer F.SilkS)
      (effects (font (size 1 1) (thickness 0.15)) (justify left))
    )
    (fp_text value 470 (at 0 1.65) (layer F.Fab)
      (effects (font (size 1 1) (thickness 0.15)))
    )
    (fp_text user %R (at 0 0) (layer F.Fab)
      (effects (font (size 0.5 0.5) (thickness 0.08)))
    )
    (fp_line (start 1.85 0.95) (end -1.85 0.95) (layer F.CrtYd) (width 0.05))
    (fp_line (start 1.85 -0.95) (end 1.85 0.95) (layer F.CrtYd) (width 0.05))
    (fp_line (start -1.85 -0.95) (end 1.85 -0.95) (layer F.CrtYd) (width 0.05))
    (fp_line (start -1.85 0.95) (end -1.85 -0.95) (layer F.CrtYd) (width 0.05))
    (fp_line (start -0.261252 0.71) (end 0.261252 0.71) (layer F.SilkS) (width 0.12))
    (fp_line (start -0.261252 -0.71) (end 0.261252 -0.71) (layer F.SilkS) (width 0.12))
    (fp_line (start 1 0.6) (end -1 0.6) (layer F.Fab) (width 0.1))
    (fp_line (start 1 -0.6) (end 1 0.6) (layer F.Fab) (width 0.1))
    (fp_line (start -1 -0.6) (end 1 -0.6) (layer F.Fab) (width 0.1))
    (fp_line (start -1 0.6) (end -1 -0.6) (layer F.Fab) (width 0.1))
    (pad 2 smd roundrect (at 1.025 0) (size 1.15 1.4) (layers F.Cu F.Paste F.Mask) (roundrect_rratio 0.217391)
      (net 11 "Net-(R3-Pad2)"))
    (pad 1 smd roundrect (at -1.025 0) (size 1.15 1.4) (layers F.Cu F.Paste F.Mask) (roundrect_rratio 0.217391)
      (net 7 "Net-(D2-Pad2)"))
    (model ${KISYS3DMOD}/Resistor_SMD.3dshapes/R_0805_2012Metric.wrl
      (at (xyz 0 0 0))
      (scale (xyz 1 1 1))
      (rotate (xyz 0 0 0))
    )
  )

  (module Resistor_SMD:R_0805_2012Metric_Pad1.15x1.40mm_HandSolder (layer F.Cu) (tedit 5B36C52B) (tstamp 5EADD7F5)
    (at 87.775 49.5)
    (descr "Resistor SMD 0805 (2012 Metric), square (rectangular) end terminal, IPC_7351 nominal with elongated pad for handsoldering. (Body size source: https://docs.google.com/spreadsheets/d/1BsfQQcO9C6DZCsRaXUlFlo91Tg2WpOkGARC1WS5S8t0/edit?usp=sharing), generated with kicad-footprint-generator")
    (tags "resistor handsolder")
    (path /5E84CE4D)
    (attr smd)
    (fp_text reference R4 (at 1.975 0) (layer F.SilkS)
      (effects (font (size 1 1) (thickness 0.15)) (justify left))
    )
    (fp_text value 470 (at 0 1.65) (layer F.Fab)
      (effects (font (size 1 1) (thickness 0.15)))
    )
    (fp_line (start -1 0.6) (end -1 -0.6) (layer F.Fab) (width 0.1))
    (fp_line (start -1 -0.6) (end 1 -0.6) (layer F.Fab) (width 0.1))
    (fp_line (start 1 -0.6) (end 1 0.6) (layer F.Fab) (width 0.1))
    (fp_line (start 1 0.6) (end -1 0.6) (layer F.Fab) (width 0.1))
    (fp_line (start -0.261252 -0.71) (end 0.261252 -0.71) (layer F.SilkS) (width 0.12))
    (fp_line (start -0.261252 0.71) (end 0.261252 0.71) (layer F.SilkS) (width 0.12))
    (fp_line (start -1.85 0.95) (end -1.85 -0.95) (layer F.CrtYd) (width 0.05))
    (fp_line (start -1.85 -0.95) (end 1.85 -0.95) (layer F.CrtYd) (width 0.05))
    (fp_line (start 1.85 -0.95) (end 1.85 0.95) (layer F.CrtYd) (width 0.05))
    (fp_line (start 1.85 0.95) (end -1.85 0.95) (layer F.CrtYd) (width 0.05))
    (fp_text user %R (at 0 0) (layer F.Fab)
      (effects (font (size 0.5 0.5) (thickness 0.08)))
    )
    (pad 1 smd roundrect (at -1.025 0) (size 1.15 1.4) (layers F.Cu F.Paste F.Mask) (roundrect_rratio 0.217391)
      (net 8 "Net-(D3-Pad2)"))
    (pad 2 smd roundrect (at 1.025 0) (size 1.15 1.4) (layers F.Cu F.Paste F.Mask) (roundrect_rratio 0.217391)
      (net 12 "Net-(R4-Pad2)"))
    (model ${KISYS3DMOD}/Resistor_SMD.3dshapes/R_0805_2012Metric.wrl
      (at (xyz 0 0 0))
      (scale (xyz 1 1 1))
      (rotate (xyz 0 0 0))
    )
  )

  (module Resistor_SMD:R_0805_2012Metric_Pad1.15x1.40mm_HandSolder (layer F.Cu) (tedit 5B36C52B) (tstamp 5EC9931E)
    (at 87.775 60.25)
    (descr "Resistor SMD 0805 (2012 Metric), square (rectangular) end terminal, IPC_7351 nominal with elongated pad for handsoldering. (Body size source: https://docs.google.com/spreadsheets/d/1BsfQQcO9C6DZCsRaXUlFlo91Tg2WpOkGARC1WS5S8t0/edit?usp=sharing), generated with kicad-footprint-generator")
    (tags "resistor handsolder")
    (path /5EA652C0)
    (attr smd)
    (fp_text reference R5 (at 1.975 0) (layer F.SilkS)
      (effects (font (size 1 1) (thickness 0.15)) (justify left))
    )
    (fp_text value 220R (at 0 1.65) (layer F.Fab)
      (effects (font (size 1 1) (thickness 0.15)))
    )
    (fp_line (start -1 0.6) (end -1 -0.6) (layer F.Fab) (width 0.1))
    (fp_line (start -1 -0.6) (end 1 -0.6) (layer F.Fab) (width 0.1))
    (fp_line (start 1 -0.6) (end 1 0.6) (layer F.Fab) (width 0.1))
    (fp_line (start 1 0.6) (end -1 0.6) (layer F.Fab) (width 0.1))
    (fp_line (start -0.261252 -0.71) (end 0.261252 -0.71) (layer F.SilkS) (width 0.12))
    (fp_line (start -0.261252 0.71) (end 0.261252 0.71) (layer F.SilkS) (width 0.12))
    (fp_line (start -1.85 0.95) (end -1.85 -0.95) (layer F.CrtYd) (width 0.05))
    (fp_line (start -1.85 -0.95) (end 1.85 -0.95) (layer F.CrtYd) (width 0.05))
    (fp_line (start 1.85 -0.95) (end 1.85 0.95) (layer F.CrtYd) (width 0.05))
    (fp_line (start 1.85 0.95) (end -1.85 0.95) (layer F.CrtYd) (width 0.05))
    (fp_text user %R (at 0 0) (layer F.Fab)
      (effects (font (size 0.5 0.5) (thickness 0.08)))
    )
    (pad 1 smd roundrect (at -1.025 0) (size 1.15 1.4) (layers F.Cu F.Paste F.Mask) (roundrect_rratio 0.217391)
      (net 10 "Net-(J3-PadT)"))
    (pad 2 smd roundrect (at 1.025 0) (size 1.15 1.4) (layers F.Cu F.Paste F.Mask) (roundrect_rratio 0.217391)
      (net 13 "Net-(R5-Pad2)"))
    (model ${KISYS3DMOD}/Resistor_SMD.3dshapes/R_0805_2012Metric.wrl
      (at (xyz 0 0 0))
      (scale (xyz 1 1 1))
      (rotate (xyz 0 0 0))
    )
  )

  (module Resistor_SMD:R_0805_2012Metric_Pad1.15x1.40mm_HandSolder (layer F.Cu) (tedit 5B36C52B) (tstamp 5EC9934E)
    (at 87.775 62.75)
    (descr "Resistor SMD 0805 (2012 Metric), square (rectangular) end terminal, IPC_7351 nominal with elongated pad for handsoldering. (Body size source: https://docs.google.com/spreadsheets/d/1BsfQQcO9C6DZCsRaXUlFlo91Tg2WpOkGARC1WS5S8t0/edit?usp=sharing), generated with kicad-footprint-generator")
    (tags "resistor handsolder")
    (path /5EA76B1A)
    (attr smd)
    (fp_text reference R6 (at 1.975 0) (layer F.SilkS)
      (effects (font (size 1 1) (thickness 0.15)) (justify left))
    )
    (fp_text value 220R (at 0 1.65) (layer F.Fab)
      (effects (font (size 1 1) (thickness 0.15)))
    )
    (fp_text user %R (at 0 0) (layer F.Fab)
      (effects (font (size 0.5 0.5) (thickness 0.08)))
    )
    (fp_line (start 1.85 0.95) (end -1.85 0.95) (layer F.CrtYd) (width 0.05))
    (fp_line (start 1.85 -0.95) (end 1.85 0.95) (layer F.CrtYd) (width 0.05))
    (fp_line (start -1.85 -0.95) (end 1.85 -0.95) (layer F.CrtYd) (width 0.05))
    (fp_line (start -1.85 0.95) (end -1.85 -0.95) (layer F.CrtYd) (width 0.05))
    (fp_line (start -0.261252 0.71) (end 0.261252 0.71) (layer F.SilkS) (width 0.12))
    (fp_line (start -0.261252 -0.71) (end 0.261252 -0.71) (layer F.SilkS) (width 0.12))
    (fp_line (start 1 0.6) (end -1 0.6) (layer F.Fab) (width 0.1))
    (fp_line (start 1 -0.6) (end 1 0.6) (layer F.Fab) (width 0.1))
    (fp_line (start -1 -0.6) (end 1 -0.6) (layer F.Fab) (width 0.1))
    (fp_line (start -1 0.6) (end -1 -0.6) (layer F.Fab) (width 0.1))
    (pad 2 smd roundrect (at 1.025 0) (size 1.15 1.4) (layers F.Cu F.Paste F.Mask) (roundrect_rratio 0.217391)
      (net 3 +5V))
    (pad 1 smd roundrect (at -1.025 0) (size 1.15 1.4) (layers F.Cu F.Paste F.Mask) (roundrect_rratio 0.217391)
      (net 14 "Net-(J3-PadR)"))
    (model ${KISYS3DMOD}/Resistor_SMD.3dshapes/R_0805_2012Metric.wrl
      (at (xyz 0 0 0))
      (scale (xyz 1 1 1))
      (rotate (xyz 0 0 0))
    )
  )

  (module Package_DIP:PowerIntegrations_SMD-8 (layer F.Cu) (tedit 5A4A20F7) (tstamp 5EA8B43E)
    (at 98 48.56)
    (descr "PowerIntegrations variant of 8-lead surface-mounted (SMD) DIP package, row spacing 7.62 mm (300 mils), see https://www.power.com/sites/default/files/product-docs/lnk520.pdf")
    (tags "SMD DIP DIL PDIP SMDIP 2.54mm 7.62mm 300mil")
    (path /5E7DA516)
    (attr smd)
    (fp_text reference U2 (at 0 -6.14) (layer F.SilkS)
      (effects (font (size 1 1) (thickness 0.15)))
    )
    (fp_text value 6N137 (at 0 6.14) (layer F.Fab)
      (effects (font (size 1 1) (thickness 0.15)))
    )
    (fp_text user %R (at 0 0) (layer F.Fab)
      (effects (font (size 1 1) (thickness 0.15)))
    )
    (fp_line (start -2.175 -5.08) (end 3.175 -5.08) (layer F.Fab) (width 0.1))
    (fp_line (start 3.175 -5.08) (end 3.175 5.08) (layer F.Fab) (width 0.1))
    (fp_line (start 3.175 5.08) (end -3.175 5.08) (layer F.Fab) (width 0.1))
    (fp_line (start -3.175 5.08) (end -3.175 -4.08) (layer F.Fab) (width 0.1))
    (fp_line (start -3.175 -4.08) (end -2.175 -5.08) (layer F.Fab) (width 0.1))
    (fp_line (start -1 -5.14) (end -2.45 -5.14) (layer F.SilkS) (width 0.12))
    (fp_line (start -2.45 -5.14) (end -2.45 5.14) (layer F.SilkS) (width 0.12))
    (fp_line (start -2.45 5.14) (end 2.45 5.14) (layer F.SilkS) (width 0.12))
    (fp_line (start 2.45 5.14) (end 2.45 -5.14) (layer F.SilkS) (width 0.12))
    (fp_line (start 2.45 -5.14) (end 1 -5.14) (layer F.SilkS) (width 0.12))
    (fp_line (start -5.55 -5.33) (end 5.55 -5.33) (layer F.CrtYd) (width 0.05))
    (fp_line (start -5.55 -5.33) (end -5.55 5.33) (layer F.CrtYd) (width 0.05))
    (fp_line (start 5.55 5.33) (end 5.55 -5.33) (layer F.CrtYd) (width 0.05))
    (fp_line (start 5.55 5.33) (end -5.55 5.33) (layer F.CrtYd) (width 0.05))
    (fp_arc (start 0 -5.14) (end -1 -5.14) (angle -180) (layer F.SilkS) (width 0.12))
    (pad 6 smd rect (at 4.3 1.27) (size 2 1.52) (layers F.Cu F.Paste F.Mask)
      (net 4 "Net-(J2-Pad2)"))
    (pad 1 smd rect (at -4.3 -3.81) (size 2 1.17) (layers F.Cu F.Paste F.Mask))
    (pad 2 smd rect (at -4.3 -1.27) (size 2 1.52) (layers F.Cu F.Paste F.Mask)
      (net 2 "Net-(D1-Pad1)"))
    (pad 3 smd rect (at -4.3 1.27) (size 2 1.52) (layers F.Cu F.Paste F.Mask)
      (net 1 "Net-(D1-Pad2)"))
    (pad 4 smd rect (at -4.3 3.81) (size 2 1.17) (layers F.Cu F.Paste F.Mask))
    (pad 5 smd rect (at 4.3 3.81) (size 2 1.17) (layers F.Cu F.Paste F.Mask)
      (net 5 GND))
    (pad 7 smd rect (at 4.3 -1.27) (size 2 1.52) (layers F.Cu F.Paste F.Mask))
    (pad 8 smd rect (at 4.3 -3.81) (size 2 1.17) (layers F.Cu F.Paste F.Mask)
      (net 3 +5V))
    (model ${KISYS3DMOD}/Package_DIP.3dshapes/PowerIntegrations_SMD-8.wrl
      (at (xyz 0 0 0))
      (scale (xyz 1 1 1))
      (rotate (xyz 0 0 0))
    )
  )

  (module Package_SO:SOIC-14_3.9x8.7mm_P1.27mm (layer F.Cu) (tedit 5D9F72B1) (tstamp 5EADDA5A)
    (at 96.5 60.5)
    (descr "SOIC, 14 Pin (JEDEC MS-012AB, https://www.analog.com/media/en/package-pcb-resources/package/pkg_pdf/soic_narrow-r/r_14.pdf), generated with kicad-footprint-generator ipc_gullwing_generator.py")
    (tags "SOIC SO")
    (path /5E849640)
    (attr smd)
    (fp_text reference U1 (at 0 -5.28) (layer F.SilkS)
      (effects (font (size 1 1) (thickness 0.15)))
    )
    (fp_text value 74HC04 (at 0 5.28) (layer F.Fab)
      (effects (font (size 1 1) (thickness 0.15)))
    )
    (fp_line (start 0 4.435) (end 1.95 4.435) (layer F.SilkS) (width 0.12))
    (fp_line (start 0 4.435) (end -1.95 4.435) (layer F.SilkS) (width 0.12))
    (fp_line (start 0 -4.435) (end 1.95 -4.435) (layer F.SilkS) (width 0.12))
    (fp_line (start 0 -4.435) (end -3.45 -4.435) (layer F.SilkS) (width 0.12))
    (fp_line (start -0.975 -4.325) (end 1.95 -4.325) (layer F.Fab) (width 0.1))
    (fp_line (start 1.95 -4.325) (end 1.95 4.325) (layer F.Fab) (width 0.1))
    (fp_line (start 1.95 4.325) (end -1.95 4.325) (layer F.Fab) (width 0.1))
    (fp_line (start -1.95 4.325) (end -1.95 -3.35) (layer F.Fab) (width 0.1))
    (fp_line (start -1.95 -3.35) (end -0.975 -4.325) (layer F.Fab) (width 0.1))
    (fp_line (start -3.7 -4.58) (end -3.7 4.58) (layer F.CrtYd) (width 0.05))
    (fp_line (start -3.7 4.58) (end 3.7 4.58) (layer F.CrtYd) (width 0.05))
    (fp_line (start 3.7 4.58) (end 3.7 -4.58) (layer F.CrtYd) (width 0.05))
    (fp_line (start 3.7 -4.58) (end -3.7 -4.58) (layer F.CrtYd) (width 0.05))
    (fp_text user %R (at 0 0) (layer F.Fab)
      (effects (font (size 0.98 0.98) (thickness 0.15)))
    )
    (pad 1 smd roundrect (at -2.475 -3.81) (size 1.95 0.6) (layers F.Cu F.Paste F.Mask) (roundrect_rratio 0.25)
      (net 9 "Net-(J2-Pad3)"))
    (pad 2 smd roundrect (at -2.475 -2.54) (size 1.95 0.6) (layers F.Cu F.Paste F.Mask) (roundrect_rratio 0.25)
      (net 11 "Net-(R3-Pad2)"))
    (pad 3 smd roundrect (at -2.475 -1.27) (size 1.95 0.6) (layers F.Cu F.Paste F.Mask) (roundrect_rratio 0.25)
      (net 9 "Net-(J2-Pad3)"))
    (pad 4 smd roundrect (at -2.475 0) (size 1.95 0.6) (layers F.Cu F.Paste F.Mask) (roundrect_rratio 0.25)
      (net 15 "Net-(U1-Pad4)"))
    (pad 5 smd roundrect (at -2.475 1.27) (size 1.95 0.6) (layers F.Cu F.Paste F.Mask) (roundrect_rratio 0.25)
      (net 15 "Net-(U1-Pad4)"))
    (pad 6 smd roundrect (at -2.475 2.54) (size 1.95 0.6) (layers F.Cu F.Paste F.Mask) (roundrect_rratio 0.25)
      (net 13 "Net-(R5-Pad2)"))
    (pad 7 smd roundrect (at -2.475 3.81) (size 1.95 0.6) (layers F.Cu F.Paste F.Mask) (roundrect_rratio 0.25)
      (net 5 GND))
    (pad 8 smd roundrect (at 2.475 3.81) (size 1.95 0.6) (layers F.Cu F.Paste F.Mask) (roundrect_rratio 0.25))
    (pad 9 smd roundrect (at 2.475 2.54) (size 1.95 0.6) (layers F.Cu F.Paste F.Mask) (roundrect_rratio 0.25)
      (net 3 +5V))
    (pad 10 smd roundrect (at 2.475 1.27) (size 1.95 0.6) (layers F.Cu F.Paste F.Mask) (roundrect_rratio 0.25))
    (pad 11 smd roundrect (at 2.475 0) (size 1.95 0.6) (layers F.Cu F.Paste F.Mask) (roundrect_rratio 0.25)
      (net 3 +5V))
    (pad 12 smd roundrect (at 2.475 -1.27) (size 1.95 0.6) (layers F.Cu F.Paste F.Mask) (roundrect_rratio 0.25)
      (net 12 "Net-(R4-Pad2)"))
    (pad 13 smd roundrect (at 2.475 -2.54) (size 1.95 0.6) (layers F.Cu F.Paste F.Mask) (roundrect_rratio 0.25)
      (net 4 "Net-(J2-Pad2)"))
    (pad 14 smd roundrect (at 2.475 -3.81) (size 1.95 0.6) (layers F.Cu F.Paste F.Mask) (roundrect_rratio 0.25)
      (net 3 +5V))
    (model ${KISYS3DMOD}/Package_SO.3dshapes/SOIC-14_3.9x8.7mm_P1.27mm.wrl
      (at (xyz 0 0 0))
      (scale (xyz 1 1 1))
      (rotate (xyz 0 0 0))
    )
  )

  (gr_line (start 110 41) (end 110 66.5) (layer Edge.Cuts) (width 0.05) (tstamp 5EC994E1))
  (gr_line (start 71 40) (end 109 40) (layer Edge.Cuts) (width 0.05) (tstamp 5EC994E0))
  (gr_line (start 71 67.5) (end 109 67.5) (layer Edge.Cuts) (width 0.05) (tstamp 5EC994DC))
  (gr_line (start 70 41) (end 70 66.5) (layer Edge.Cuts) (width 0.05) (tstamp 5EC994DB))
  (gr_arc (start 71 66.5) (end 70 66.5) (angle -90) (layer Edge.Cuts) (width 0.05))
  (gr_arc (start 71 41) (end 71 40) (angle -90) (layer Edge.Cuts) (width 0.05))
  (gr_arc (start 109 41) (end 110 41) (angle -90) (layer Edge.Cuts) (width 0.05))
  (gr_arc (start 109 66.5) (end 109 67.5) (angle -90) (layer Edge.Cuts) (width 0.05) (tstamp 5EC994D9))
  (gr_text "MIDI out" (at 75.25 65.5) (layer F.SilkS)
    (effects (font (size 1.5 1.5) (thickness 0.3)))
  )
  (gr_text "MIDI in" (at 74.5 42) (layer F.SilkS)
    (effects (font (size 1.5 1.5) (thickness 0.3)))
  )

  (segment (start 86.75 43.8) (end 86.75 44.5) (width 0.5) (layer F.Cu) (net 1))
  (segment (start 87.20001 43.34999) (end 86.75 43.8) (width 0.5) (layer F.Cu) (net 1))
  (segment (start 94.694992 43.34999) (end 87.20001 43.34999) (width 0.5) (layer F.Cu) (net 1))
  (segment (start 95.2 43.854998) (end 94.694992 43.34999) (width 0.5) (layer F.Cu) (net 1))
  (segment (start 95.2 48.57) (end 95.2 43.854998) (width 0.5) (layer F.Cu) (net 1))
  (segment (start 93.94 49.83) (end 95.2 48.57) (width 0.5) (layer F.Cu) (net 1))
  (segment (start 93.7 49.83) (end 93.94 49.83) (width 0.5) (layer F.Cu) (net 1))
  (segment (start 79.1 44.5) (end 75.35 48.25) (width 0.5) (layer F.Cu) (net 1))
  (segment (start 86.75 44.5) (end 79.1 44.5) (width 0.5) (layer F.Cu) (net 1))
  (segment (start 93.41 47) (end 93.7 47.29) (width 0.5) (layer F.Cu) (net 2))
  (segment (start 88.8 47) (end 93.41 47) (width 0.5) (layer F.Cu) (net 2))
  (segment (start 88.8 47) (end 88.8 44.5) (width 0.5) (layer F.Cu) (net 2))
  (via (at 100.838 63.119) (size 0.8) (drill 0.4) (layers F.Cu B.Cu) (net 3))
  (segment (start 98.975 63.04) (end 100.759 63.04) (width 0.5) (layer F.Cu) (net 3))
  (segment (start 100.759 63.04) (end 100.838 63.119) (width 0.5) (layer F.Cu) (net 3))
  (via (at 100.838 60.452) (size 0.8) (drill 0.4) (layers F.Cu B.Cu) (net 3))
  (segment (start 98.975 60.5) (end 100.79 60.5) (width 0.5) (layer F.Cu) (net 3))
  (segment (start 100.79 60.5) (end 100.838 60.452) (width 0.5) (layer F.Cu) (net 3))
  (via (at 88.773 64.389) (size 0.8) (drill 0.4) (layers F.Cu B.Cu) (net 3))
  (segment (start 88.8 62.75) (end 88.8 64.362) (width 0.5) (layer F.Cu) (net 3))
